# oST version 5.0 parameters


[image]

width
640

height
480

[narrow_stereo]

camera matrix
451.217323 0.000000 324.155156
0.000000 452.905225 234.169672
0.000000 0.000000 1.000000

distortion
-0.040918 0.028285 -0.005463 0.000918 0.000000

rectification
1.000000 0.000000 0.000000
0.000000 1.000000 0.000000
0.000000 0.000000 1.000000

projection
447.108429 0.000000 324.883984 0.000000
0.000000 448.522614 231.842704 0.000000
0.000000 0.000000 1.000000 0.000000

