image_width: 640
image_height: 480
camera_name: narrow_stereo
camera_matrix:
  rows: 3
  cols: 3
  data: [451.217323, 0.000000, 324.155156, 0.000000, 452.905225, 234.169672, 0.000000, 0.000000, 1.000000]
distortion_model: plumb_bob
distortion_coefficients:
  rows: 1
  cols: 5
  data: [-0.040918, 0.028285, -0.005463, 0.000918, 0.000000]
rectification_matrix:
  rows: 3
  cols: 3
  data: [1.000000, 0.000000, 0.000000, 0.000000, 1.000000, 0.000000, 0.000000, 0.000000, 1.000000]
projection_matrix:
  rows: 3
  cols: 4
  data: [447.108429, 0.000000, 324.883984, 0.000000, 0.000000, 448.522614, 231.842704, 0.000000, 0.000000, 0.000000, 1.000000, 0.000000]
